{"elephant_id": "E001", "timestamp": "2023-08-13T17:16:43", "location": [40.51250537761133, -3.680286600771058]}
{"elephant_id": "E001", "timestamp": "2023-08-13T18:16:43", "location": [40.61160536907441, -3.8624853408154403]}
{"elephant_id": "E001", "timestamp": "2023-08-13T19:16:43", "location": [40.838349743711454, -3.6317643929179937]}
{"elephant_id": "E001", "timestamp": "2023-08-13T20:16:43", "location": [40.54346941631471, -3.5539102161475773]}
{"elephant_id": "E001", "timestamp": "2023-08-13T21:16:43", "location": [40.51489860971903, -3.789039090157365]}
{"elephant_id": "E001", "timestamp": "2023-08-13T22:16:43", "location": [40.75267764405168, -3.8906810125981983]}
{"elephant_id": "E001", "timestamp": "2023-08-13T23:16:43", "location": [40.59941882534332, -3.986732015158068]}
{"elephant_id": "E001", "timestamp": "2023-08-14T00:16:43", "location": [40.77247074030161, -3.6750577811102385]}
{"elephant_id": "E001", "timestamp": "2023-08-14T01:16:43", "location": [40.794632841937954, -3.889779688979652]}
{"elephant_id": "E001", "timestamp": "2023-08-14T02:16:43", "location": [40.50324937983903, -3.5952847716610865]}
{"elephant_id": "E001", "timestamp": "2023-08-14T03:16:43", "location": [40.849069697494116, -3.597090374083596]}
{"elephant_id": "E001", "timestamp": "2023-08-14T04:16:43", "location": [40.57773974990589, -3.829874741741004]}
{"elephant_id": "E001", "timestamp": "2023-08-14T05:16:43", "location": [40.668297272556316, -3.5213934638966093]}
{"elephant_id": "E001", "timestamp": "2023-08-14T06:16:43", "location": [40.548358188416735, -3.953627078309926]}
{"elephant_id": "E001", "timestamp": "2023-08-14T07:16:43", "location": [40.801863015683445, -3.57625281682627]}
{"elephant_id": "E001", "timestamp": "2023-08-14T08:16:43", "location": [40.86486589334691, -3.5964358633628097]}
{"elephant_id": "E001", "timestamp": "2023-08-14T09:16:43", "location": [40.98655788198968, -3.7318859542726495]}
{"elephant_id": "E001", "timestamp": "2023-08-14T10:16:43", "location": [40.776020315636615, -3.810732811395823]}
{"elephant_id": "E001", "timestamp": "2023-08-14T11:16:43", "location": [40.809259876182125, -3.5852976678735025]}
{"elephant_id": "E001", "timestamp": "2023-08-14T12:16:43", "location": [40.788676072628384, -3.5691465498446115]}
{"elephant_id": "E001", "timestamp": "2023-08-14T13:16:43", "location": [40.52291219182783, -3.647714081892538]}
{"elephant_id": "E001", "timestamp": "2023-08-14T14:16:43", "location": [40.644693981801055, -3.8860508621742267]}
{"elephant_id": "E001", "timestamp": "2023-08-14T15:16:43", "location": [40.616395443180515, -3.9601040115381863]}
{"elephant_id": "E001", "timestamp": "2023-08-14T16:16:43", "location": [40.63898680155505, -3.9494992852951354]}
{"elephant_id": "E001", "timestamp": "2023-08-14T17:16:43", "location": [40.682416089485045, -3.6821577778678]}
{"elephant_id": "E001", "timestamp": "2023-08-14T18:16:43", "location": [40.604753515385745, -3.8149095164415585]}
{"elephant_id": "E001", "timestamp": "2023-08-14T19:16:43", "location": [40.96832729385625, -3.8665110889754435]}
{"elephant_id": "E001", "timestamp": "2023-08-14T20:16:43", "location": [40.80456550283349, -3.675982307376703]}
{"elephant_id": "E001", "timestamp": "2023-08-14T21:16:43", "location": [40.86456339897517, -3.9144306759009515]}
{"elephant_id": "E001", "timestamp": "2023-08-14T22:16:43", "location": [40.68972772087882, -3.9182987531190356]}
{"elephant_id": "E001", "timestamp": "2023-08-14T23:16:43", "location": [40.819999879927046, -3.5052383246817023]}
{"elephant_id": "E001", "timestamp": "2023-08-15T00:16:43", "location": [40.84230712549494, -3.7215251281126767]}
{"elephant_id": "E001", "timestamp": "2023-08-15T01:16:43", "location": [40.887999955773125, -3.5785740399050954]}
{"elephant_id": "E001", "timestamp": "2023-08-15T02:16:43", "location": [40.51605012195202, -3.8854759640179477]}
{"elephant_id": "E001", "timestamp": "2023-08-15T03:16:43", "location": [40.63387043798785, -3.842273475970459]}
{"elephant_id": "E001", "timestamp": "2023-08-15T04:16:43", "location": [40.97145485716753, -3.8945085782068367]}
{"elephant_id": "E001", "timestamp": "2023-08-15T05:16:43", "location": [40.65733894039924, -3.5618161867636657]}
{"elephant_id": "E001", "timestamp": "2023-08-15T06:16:43", "location": [40.697815950530334, -3.67228066735256]}
{"elephant_id": "E001", "timestamp": "2023-08-15T07:16:43", "location": [40.7294259262937, -3.5427262051297284]}
{"elephant_id": "E001", "timestamp": "2023-08-15T08:16:43", "location": [40.62331375384699, -3.8675599167509738]}
{"elephant_id": "E001", "timestamp": "2023-08-15T09:16:43", "location": [40.631370804261465, -3.7193159329184247]}
{"elephant_id": "E001", "timestamp": "2023-08-15T10:16:43", "location": [40.948911441801236, -3.70770700488823]}
{"elephant_id": "E001", "timestamp": "2023-08-15T11:16:43", "location": [40.60966037957864, -3.8002997474298015]}
{"elephant_id": "E001", "timestamp": "2023-08-15T12:16:43", "location": [40.75476314683823, -3.5012311967524448]}
{"elephant_id": "E001", "timestamp": "2023-08-15T13:16:43", "location": [40.52355818771237, -3.954545293913103]}
{"elephant_id": "E001", "timestamp": "2023-08-15T14:16:43", "location": [40.81372302085155, -3.9451754348246704]}
{"elephant_id": "E001", "timestamp": "2023-08-15T15:16:43", "location": [40.71107998339984, -3.603960317818518]}
{"elephant_id": "E001", "timestamp": "2023-08-15T16:16:43", "location": [40.69080964325327, -3.9682361469240215]}
{"elephant_id": "E001", "timestamp": "2023-08-15T17:16:43", "location": [40.764557172549566, -3.5019393098799516]}
{"elephant_id": "E001", "timestamp": "2023-08-15T18:16:43", "location": [40.93038985111725, -3.514460811193191]}
{"elephant_id": "E001", "timestamp": "2023-08-15T19:16:43", "location": [40.8603609096801, -3.99425948902859]}
{"elephant_id": "E001", "timestamp": "2023-08-15T20:16:43", "location": [40.768485165204396, -3.6591448154867128]}
{"elephant_id": "E001", "timestamp": "2023-08-15T21:16:43", "location": [40.820480899289905, -3.8665874050237288]}
{"elephant_id": "E001", "timestamp": "2023-08-15T22:16:43", "location": [40.71738262533455, -3.9442239132020616]}
{"elephant_id": "E001", "timestamp": "2023-08-15T23:16:43", "location": [40.97690796376054, -3.7731381468353966]}
{"elephant_id": "E001", "timestamp": "2023-08-16T00:16:43", "location": [40.63169452537554, -3.562073529810903]}
{"elephant_id": "E001", "timestamp": "2023-08-16T01:16:43", "location": [40.58932594026506, -3.749706943474851]}
{"elephant_id": "E001", "timestamp": "2023-08-16T02:16:43", "location": [40.93525928491838, -3.5436860803275896]}
{"elephant_id": "E001", "timestamp": "2023-08-16T03:16:43", "location": [40.819474747433006, -3.8507776042756836]}
{"elephant_id": "E001", "timestamp": "2023-08-16T04:16:43", "location": [40.57641963427482, -3.695514894280914]}
{"elephant_id": "E001", "timestamp": "2023-08-16T05:16:43", "location": [40.76968951505981, -3.618744599962424]}
{"elephant_id": "E001", "timestamp": "2023-08-16T06:16:43", "location": [40.76517683609759, -3.610686760684721]}
{"elephant_id": "E001", "timestamp": "2023-08-16T07:16:43", "location": [40.662078028502336, -3.9997140519360284]}
{"elephant_id": "E001", "timestamp": "2023-08-16T08:16:43", "location": [40.964549308132305, -3.990261628807084]}
{"elephant_id": "E001", "timestamp": "2023-08-16T09:16:43", "location": [40.91583276468059, -3.5606390610884078]}
{"elephant_id": "E001", "timestamp": "2023-08-16T10:16:43", "location": [40.52896258324709, -3.846242937298669]}
{"elephant_id": "E001", "timestamp": "2023-08-16T11:16:43", "location": [40.973474722648994, -3.5609952003979797]}
{"elephant_id": "E001", "timestamp": "2023-08-16T12:16:43", "location": [40.742995231658305, -3.9571732739660606]}
{"elephant_id": "E001", "timestamp": "2023-08-16T13:16:43", "location": [40.88030108262861, -3.9653937407658084]}
{"elephant_id": "E001", "timestamp": "2023-08-16T14:16:43", "location": [40.56419573224988, -3.617082785346506]}
{"elephant_id": "E001", "timestamp": "2023-08-16T15:16:43", "location": [40.77490179674747, -3.7623588109506345]}
{"elephant_id": "E001", "timestamp": "2023-08-16T16:16:43", "location": [40.93621652054263, -3.8674716855299707]}
{"elephant_id": "E001", "timestamp": "2023-08-16T17:16:43", "location": [40.60589910272104, -3.7884310298995567]}
{"elephant_id": "E001", "timestamp": "2023-08-16T18:16:43", "location": [40.864965534544986, -3.7303519556102707]}
{"elephant_id": "E001", "timestamp": "2023-08-16T19:16:43", "location": [40.65585814565045, -3.899424468305152]}
{"elephant_id": "E001", "timestamp": "2023-08-16T20:16:43", "location": [40.82493902881973, -3.502425321669553]}
{"elephant_id": "E001", "timestamp": "2023-08-16T21:16:43", "location": [40.7587879205178, -3.780949958042748]}
{"elephant_id": "E001", "timestamp": "2023-08-16T22:16:43", "location": [40.61234866851578, -3.939497902065867]}
{"elephant_id": "E001", "timestamp": "2023-08-16T23:16:43", "location": [40.794154359228614, -3.8309572189262724]}
{"elephant_id": "E001", "timestamp": "2023-08-17T00:16:43", "location": [40.61010869222578, -3.8849426337017117]}
{"elephant_id": "E001", "timestamp": "2023-08-17T01:16:43", "location": [40.81555147863505, -3.964503456995484]}
{"elephant_id": "E001", "timestamp": "2023-08-17T02:16:43", "location": [40.95271000650306, -3.8855291080944228]}
{"elephant_id": "E001", "timestamp": "2023-08-17T03:16:43", "location": [40.53542867494433, -3.5701822998731267]}
{"elephant_id": "E001", "timestamp": "2023-08-17T04:16:43", "location": [40.83448888914814, -3.8809976828155026]}
{"elephant_id": "E001", "timestamp": "2023-08-17T05:16:43", "location": [40.56615592436251, -3.8928815963147807]}
{"elephant_id": "E001", "timestamp": "2023-08-17T06:16:43", "location": [40.78552154666264, -3.5322428797096643]}
{"elephant_id": "E001", "timestamp": "2023-08-17T07:16:43", "location": [40.89230971214538, -3.763664486844103]}
{"elephant_id": "E001", "timestamp": "2023-08-17T08:16:43", "location": [40.59520495718094, -3.5962515011166785]}
{"elephant_id": "E001", "timestamp": "2023-08-17T09:16:43", "location": [40.71552559120319, -3.9515345928855883]}
{"elephant_id": "E001", "timestamp": "2023-08-17T10:16:43", "location": [40.733512334018336, -3.7882106884900395]}
{"elephant_id": "E001", "timestamp": "2023-08-17T11:16:43", "location": [40.83668227364665, -3.6354620752700746]}
{"elephant_id": "E001", "timestamp": "2023-08-17T12:16:43", "location": [40.549208935575976, -3.5079173943170168]}
{"elephant_id": "E001", "timestamp": "2023-08-17T13:16:43", "location": [40.66965130269748, -3.7986893589488657]}
{"elephant_id": "E001", "timestamp": "2023-08-17T14:16:43", "location": [40.62432816696014, -3.5691637318236045]}
{"elephant_id": "E001", "timestamp": "2023-08-17T15:16:43", "location": [40.72430677391657, -3.904895545779594]}
{"elephant_id": "E001", "timestamp": "2023-08-17T16:16:43", "location": [40.63927257233347, -3.789059180082798]}
{"elephant_id": "E001", "timestamp": "2023-08-17T17:16:43", "location": [40.961632799638004, -3.8750967760589496]}
{"elephant_id": "E001", "timestamp": "2023-08-17T18:16:43", "location": [40.930674552380914, -3.7784346274732714]}
{"elephant_id": "E001", "timestamp": "2023-08-17T19:16:43", "location": [40.52529416476244, -3.724837343775076]}
{"elephant_id": "E001", "timestamp": "2023-08-17T20:16:43", "location": [40.91801379253997, -3.500358765793637]}
{"elephant_id": "E001", "timestamp": "2023-08-17T21:16:43", "location": [40.96318349150406, -3.5155018713576243]}
{"elephant_id": "E001", "timestamp": "2023-08-17T22:16:43", "location": [40.58315555530196, -3.575652132792847]}
{"elephant_id": "E001", "timestamp": "2023-08-17T23:16:43", "location": [40.60687364959959, -3.7571794372746408]}
{"elephant_id": "E001", "timestamp": "2023-08-18T00:16:43", "location": [40.52931769998609, -3.799479853725274]}
{"elephant_id": "E001", "timestamp": "2023-08-18T01:16:43", "location": [40.99265442188986, -3.810513440511542]}
{"elephant_id": "E001", "timestamp": "2023-08-18T02:16:43", "location": [40.892035300974285, -3.867398470913924]}
{"elephant_id": "E001", "timestamp": "2023-08-18T03:16:43", "location": [40.711503742995085, -3.7724958163304283]}
{"elephant_id": "E001", "timestamp": "2023-08-18T04:16:43", "location": [40.99771134474636, -3.5213411795701632]}
{"elephant_id": "E001", "timestamp": "2023-08-18T05:16:43", "location": [40.85920413764816, -3.722115838297191]}
{"elephant_id": "E001", "timestamp": "2023-08-18T06:16:43", "location": [40.64835391274728, -3.922601587362968]}
{"elephant_id": "E001", "timestamp": "2023-08-18T07:16:43", "location": [40.78959014540813, -3.5156453175154208]}
{"elephant_id": "E001", "timestamp": "2023-08-18T08:16:43", "location": [40.87398778018953, -3.728902399312863]}
{"elephant_id": "E001", "timestamp": "2023-08-18T09:16:43", "location": [40.79208879722948, -3.9714173635462586]}
{"elephant_id": "E001", "timestamp": "2023-08-18T10:16:43", "location": [40.92635994602414, -3.7485748085402433]}
{"elephant_id": "E001", "timestamp": "2023-08-18T11:16:43", "location": [40.98038945163722, -3.9212836360302585]}
{"elephant_id": "E001", "timestamp": "2023-08-18T12:16:43", "location": [40.59291248049036, -3.9599442673797065]}
{"elephant_id": "E001", "timestamp": "2023-08-18T13:16:43", "location": [40.83760627680204, -3.702482446774986]}
{"elephant_id": "E001", "timestamp": "2023-08-18T14:16:43", "location": [40.559943306973565, -3.8823980524995343]}
{"elephant_id": "E001", "timestamp": "2023-08-18T15:16:43", "location": [40.62310767389431, -3.554856342935281]}
{"elephant_id": "E001", "timestamp": "2023-08-18T16:16:43", "location": [40.80969075516605, -3.7027404232332795]}
{"elephant_id": "E001", "timestamp": "2023-08-18T17:16:43", "location": [40.791836144645615, -3.7903875423320637]}
{"elephant_id": "E001", "timestamp": "2023-08-18T18:16:43", "location": [40.96735312886821, -3.738608642234021]}
{"elephant_id": "E001", "timestamp": "2023-08-18T19:16:43", "location": [40.85809590039471, -3.8978704002882316]}
{"elephant_id": "E001", "timestamp": "2023-08-18T20:16:43", "location": [40.69789292339563, -3.880657023692077]}
{"elephant_id": "E001", "timestamp": "2023-08-18T21:16:43", "location": [40.64999853989938, -3.6641548885200144]}
{"elephant_id": "E001", "timestamp": "2023-08-18T22:16:43", "location": [40.8759322462072, -3.841911401864073]}
{"elephant_id": "E001", "timestamp": "2023-08-18T23:16:43", "location": [40.72914276130929, -3.963728442753421]}
{"elephant_id": "E001", "timestamp": "2023-08-19T00:16:43", "location": [40.99804822392755, -3.5007727795727788]}
{"elephant_id": "E001", "timestamp": "2023-08-19T01:16:43", "location": [40.60657715613352, -3.9633696394501836]}
{"elephant_id": "E001", "timestamp": "2023-08-19T02:16:43", "location": [40.96662968899685, -3.8673997926247994]}
{"elephant_id": "E001", "timestamp": "2023-08-19T03:16:43", "location": [40.93963512124227, -3.5595679131567803]}
{"elephant_id": "E001", "timestamp": "2023-08-19T04:16:43", "location": [40.57887341617862, -3.815236455630558]}
{"elephant_id": "E001", "timestamp": "2023-08-19T05:16:43", "location": [40.851769962543685, -3.5831275226800967]}
{"elephant_id": "E001", "timestamp": "2023-08-19T06:16:43", "location": [40.99361653181575, -3.6941611171370248]}
{"elephant_id": "E001", "timestamp": "2023-08-19T07:16:43", "location": [40.50391155357608, -3.6730118411446337]}
{"elephant_id": "E001", "timestamp": "2023-08-19T08:16:43", "location": [40.64968937609999, -3.5914479324422692]}
{"elephant_id": "E001", "timestamp": "2023-08-19T09:16:43", "location": [40.96946500196355, -3.6683056425169616]}
{"elephant_id": "E001", "timestamp": "2023-08-19T10:16:43", "location": [40.55771433520955, -3.932854442803316]}
{"elephant_id": "E001", "timestamp": "2023-08-19T11:16:43", "location": [40.776611820442405, -3.9464820111452914]}
{"elephant_id": "E001", "timestamp": "2023-08-19T12:16:43", "location": [40.802414913515115, -3.863825893842592]}
{"elephant_id": "E001", "timestamp": "2023-08-19T13:16:43", "location": [40.60179865616372, -3.641193906430601]}
{"elephant_id": "E001", "timestamp": "2023-08-19T14:16:43", "location": [40.631991950815205, -3.6828810205574602]}
{"elephant_id": "E001", "timestamp": "2023-08-19T15:16:43", "location": [40.95266824553966, -3.7557340739253116]}
{"elephant_id": "E001", "timestamp": "2023-08-19T16:16:43", "location": [40.54614923385637, -3.5769481433525723]}
{"elephant_id": "E001", "timestamp": "2023-08-19T17:16:43", "location": [40.638340111986125, -3.788212113718137]}
{"elephant_id": "E001", "timestamp": "2023-08-19T18:16:43", "location": [40.88555961150981, -3.998227155456109]}
{"elephant_id": "E001", "timestamp": "2023-08-19T19:16:43", "location": [40.63097763121717, -3.68144331134931]}
{"elephant_id": "E001", "timestamp": "2023-08-19T20:16:43", "location": [40.775840210563196, -3.6293845458260345]}
{"elephant_id": "E001", "timestamp": "2023-08-19T21:16:43", "location": [40.50483484980417, -3.78615654050966]}
{"elephant_id": "E001", "timestamp": "2023-08-19T22:16:43", "location": [40.94155319665007, -3.9623780699631164]}
{"elephant_id": "E001", "timestamp": "2023-08-19T23:16:43", "location": [40.77279514460276, -3.5480357142200534]}
{"elephant_id": "E001", "timestamp": "2023-08-20T00:16:43", "location": [40.791254783244895, -3.5827024900569917]}
{"elephant_id": "E001", "timestamp": "2023-08-20T01:16:43", "location": [40.56372275964107, -3.925953107216259]}
{"elephant_id": "E001", "timestamp": "2023-08-20T02:16:43", "location": [40.949490744371296, -3.8458708250349334]}
{"elephant_id": "E001", "timestamp": "2023-08-20T03:16:43", "location": [40.93035129100045, -3.6019388475559793]}
{"elephant_id": "E001", "timestamp": "2023-08-20T04:16:43", "location": [40.605038269169874, -3.550537681736763]}
{"elephant_id": "E001", "timestamp": "2023-08-20T05:16:43", "location": [40.55139681083589, -3.8752351303885377]}
{"elephant_id": "E001", "timestamp": "2023-08-20T06:16:43", "location": [40.9420673507255, -3.6099418790642788]}
{"elephant_id": "E001", "timestamp": "2023-08-20T07:16:43", "location": [40.810330755075356, -3.7968113050839416]}
{"elephant_id": "E001", "timestamp": "2023-08-20T08:16:43", "location": [40.96494050784684, -3.9227233308338976]}
{"elephant_id": "E001", "timestamp": "2023-08-20T09:16:43", "location": [40.98810301646548, -3.567697151890018]}
{"elephant_id": "E001", "timestamp": "2023-08-20T10:16:43", "location": [40.94070810233166, -3.5946141400298015]}
{"elephant_id": "E001", "timestamp": "2023-08-20T11:16:43", "location": [40.868282235877544, -3.9876068190509057]}
{"elephant_id": "E001", "timestamp": "2023-08-20T12:16:43", "location": [40.96540794302416, -3.8339072660267854]}
{"elephant_id": "E001", "timestamp": "2023-08-20T13:16:43", "location": [40.93203201418764, -3.5988824305314306]}
{"elephant_id": "E001", "timestamp": "2023-08-20T14:16:43", "location": [40.63340285479724, -3.5946253417128053]}
{"elephant_id": "E001", "timestamp": "2023-08-20T15:16:43", "location": [40.55404781320148, -3.6063127454322643]}
{"elephant_id": "E001", "timestamp": "2023-08-20T16:16:43", "location": [40.92929662566889, -3.563916608546955]}
{"elephant_id": "E002", "timestamp": "2023-08-13T17:16:43", "location": [40.90829330279846, -3.888783141227168]}
{"elephant_id": "E002", "timestamp": "2023-08-13T18:16:43", "location": [40.6525954336693, -3.769848382660529]}
{"elephant_id": "E002", "timestamp": "2023-08-13T19:16:43", "location": [40.613797743703884, -3.6023272504235693]}
{"elephant_id": "E002", "timestamp": "2023-08-13T20:16:43", "location": [40.596564894163855, -3.988167782649274]}
{"elephant_id": "E002", "timestamp": "2023-08-13T21:16:43", "location": [40.93217647101514, -3.8358690244011466]}
{"elephant_id": "E002", "timestamp": "2023-08-13T22:16:43", "location": [40.63956249636094, -3.5165554479758194]}
{"elephant_id": "E002", "timestamp": "2023-08-13T23:16:43", "location": [40.69983919218003, -3.6792591306961864]}
{"elephant_id": "E002", "timestamp": "2023-08-14T00:16:43", "location": [40.76810786623936, -3.50942515640087]}
{"elephant_id": "E002", "timestamp": "2023-08-14T01:16:43", "location": [40.557670875925716, -3.530381429837642]}
{"elephant_id": "E002", "timestamp": "2023-08-14T02:16:43", "location": [40.58928390808623, -3.514799694488886]}
{"elephant_id": "E002", "timestamp": "2023-08-14T03:16:43", "location": [40.632733181261486, -3.5187328421192223]}
{"elephant_id": "E002", "timestamp": "2023-08-14T04:16:43", "location": [40.717281879282325, -3.9457987263926446]}
{"elephant_id": "E002", "timestamp": "2023-08-14T05:16:43", "location": [40.656838657097495, -3.6357274696736477]}
{"elephant_id": "E002", "timestamp": "2023-08-14T06:16:43", "location": [40.75571152983474, -3.696895573346928]}
{"elephant_id": "E002", "timestamp": "2023-08-14T07:16:43", "location": [40.7882940217483, -3.8074022833276366]}
{"elephant_id": "E002", "timestamp": "2023-08-14T08:16:43", "location": [40.85439264191709, -3.872638746930709]}
{"elephant_id": "E002", "timestamp": "2023-08-14T09:16:43", "location": [40.96278758274954, -3.999154360890685]}
{"elephant_id": "E002", "timestamp": "2023-08-14T10:16:43", "location": [40.859714999572425, -3.730774001453604]}
{"elephant_id": "E002", "timestamp": "2023-08-14T11:16:43", "location": [40.8353142522165, -3.629024961080262]}
{"elephant_id": "E002", "timestamp": "2023-08-14T12:16:43", "location": [40.53498690556316, -3.817889264109368]}
{"elephant_id": "E002", "timestamp": "2023-08-14T13:16:43", "location": [40.6651000180213, -3.6678811575443637]}
{"elephant_id": "E002", "timestamp": "2023-08-14T14:16:43", "location": [40.92400763975317, -3.8430421774708203]}
{"elephant_id": "E002", "timestamp": "2023-08-14T15:16:43", "location": [40.65016113410563, -3.640122868493025]}
{"elephant_id": "E002", "timestamp": "2023-08-14T16:16:43", "location": [40.70419645430961, -3.8453576688956734]}
{"elephant_id": "E002", "timestamp": "2023-08-14T17:16:43", "location": [40.647827601262975, -3.7987998064711377]}
{"elephant_id": "E002", "timestamp": "2023-08-14T18:16:43", "location": [40.71022316688646, -3.9363561004704235]}
{"elephant_id": "E002", "timestamp": "2023-08-14T19:16:43", "location": [40.83865897263637, -3.5298181646349085]}
{"elephant_id": "E002", "timestamp": "2023-08-14T20:16:43", "location": [40.80775745797569, -3.5485972271337087]}
{"elephant_id": "E002", "timestamp": "2023-08-14T21:16:43", "location": [40.77396860656785, -3.8495250627172175]}
{"elephant_id": "E002", "timestamp": "2023-08-14T22:16:43", "location": [40.64345685843446, -3.999797030151356]}
{"elephant_id": "E002", "timestamp": "2023-08-14T23:16:43", "location": [40.78999239059784, -3.7850559250050826]}
{"elephant_id": "E002", "timestamp": "2023-08-15T00:16:43", "location": [40.732494095123506, -3.6726471881484644]}
{"elephant_id": "E002", "timestamp": "2023-08-15T01:16:43", "location": [40.60685070049455, -3.7789201003475963]}
{"elephant_id": "E002", "timestamp": "2023-08-15T02:16:43", "location": [40.950590412914124, -3.763406907045337]}
{"elephant_id": "E002", "timestamp": "2023-08-15T03:16:43", "location": [40.58484569809903, -3.60198761993661]}
{"elephant_id": "E002", "timestamp": "2023-08-15T04:16:43", "location": [40.75772600495761, -3.957602231637439]}
{"elephant_id": "E002", "timestamp": "2023-08-15T05:16:43", "location": [40.6675941277049, -3.683529572117102]}
{"elephant_id": "E002", "timestamp": "2023-08-15T06:16:43", "location": [40.87556906877037, -3.590788267731668]}
{"elephant_id": "E002", "timestamp": "2023-08-15T07:16:43", "location": [40.61232033299864, -3.6636021647214165]}
{"elephant_id": "E002", "timestamp": "2023-08-15T08:16:43", "location": [40.51221269386341, -3.9004350336367115]}
{"elephant_id": "E002", "timestamp": "2023-08-15T09:16:43", "location": [40.737568172109405, -3.8775787279608247]}
{"elephant_id": "E002", "timestamp": "2023-08-15T10:16:43", "location": [40.53641411459228, -3.575131152687634]}
{"elephant_id": "E002", "timestamp": "2023-08-15T11:16:43", "location": [40.814882690368854, -3.7927794945011404]}
{"elephant_id": "E002", "timestamp": "2023-08-15T12:16:43", "location": [40.84817712524525, -3.9027823816301455]}
{"elephant_id": "E002", "timestamp": "2023-08-15T13:16:43", "location": [40.62199221978922, -3.7528114154947816]}
{"elephant_id": "E002", "timestamp": "2023-08-15T14:16:43", "location": [40.50277240906902, -3.671970994444108]}
{"elephant_id": "E002", "timestamp": "2023-08-15T15:16:43", "location": [40.885023094287014, -3.624517761690764]}
{"elephant_id": "E002", "timestamp": "2023-08-15T16:16:43", "location": [40.71257309697137, -3.9467063517182304]}
{"elephant_id": "E002", "timestamp": "2023-08-15T17:16:43", "location": [40.97898302113977, -3.9120566591467343]}
{"elephant_id": "E002", "timestamp": "2023-08-15T18:16:43", "location": [40.52510919257032, -3.7410211247781295]}
{"elephant_id": "E002", "timestamp": "2023-08-15T19:16:43", "location": [40.92416817367583, -3.8754008601700143]}
{"elephant_id": "E002", "timestamp": "2023-08-15T20:16:43", "location": [40.90070830086113, -3.771769087264914]}
{"elephant_id": "E002", "timestamp": "2023-08-15T21:16:43", "location": [40.993946226533225, -3.6662111337068235]}
{"elephant_id": "E002", "timestamp": "2023-08-15T22:16:43", "location": [40.97501980422158, -3.70227384076529]}
{"elephant_id": "E002", "timestamp": "2023-08-15T23:16:43", "location": [40.80632616138088, -3.5542870370947814]}
{"elephant_id": "E002", "timestamp": "2023-08-16T00:16:43", "location": [40.7523890824122, -3.6403630193620167]}
{"elephant_id": "E002", "timestamp": "2023-08-16T01:16:43", "location": [40.77393597530541, -3.5847154151392924]}
{"elephant_id": "E002", "timestamp": "2023-08-16T02:16:43", "location": [40.87182772107979, -3.551395948383369]}
{"elephant_id": "E002", "timestamp": "2023-08-16T03:16:43", "location": [40.62959577423251, -3.7626627815884732]}
{"elephant_id": "E002", "timestamp": "2023-08-16T04:16:43", "location": [40.81883071838808, -3.8763801312451704]}
{"elephant_id": "E002", "timestamp": "2023-08-16T05:16:43", "location": [40.76064990641399, -3.6170931578514174]}
{"elephant_id": "E002", "timestamp": "2023-08-16T06:16:43", "location": [40.63729872345877, -3.6866257815091092]}
{"elephant_id": "E002", "timestamp": "2023-08-16T07:16:43", "location": [40.642864075431575, -3.961258323067632]}
{"elephant_id": "E002", "timestamp": "2023-08-16T08:16:43", "location": [40.65985478420938, -3.864142446458908]}
{"elephant_id": "E002", "timestamp": "2023-08-16T09:16:43", "location": [40.56918703075808, -3.729923888740772]}
{"elephant_id": "E002", "timestamp": "2023-08-16T10:16:43", "location": [40.846974906149526, -3.8843692601359066]}
{"elephant_id": "E002", "timestamp": "2023-08-16T11:16:43", "location": [40.53211442535694, -3.646790429152724]}
{"elephant_id": "E002", "timestamp": "2023-08-16T12:16:43", "location": [40.77130557025196, -3.7962003151667068]}
{"elephant_id": "E002", "timestamp": "2023-08-16T13:16:43", "location": [40.603417194757206, -3.792112882948422]}
{"elephant_id": "E002", "timestamp": "2023-08-16T14:16:43", "location": [40.95241923917009, -3.7899282411132873]}
{"elephant_id": "E002", "timestamp": "2023-08-16T15:16:43", "location": [40.84776149324898, -3.707960292897887]}
{"elephant_id": "E002", "timestamp": "2023-08-16T16:16:43", "location": [40.88279728805904, -3.5716339838480327]}
{"elephant_id": "E002", "timestamp": "2023-08-16T17:16:43", "location": [40.502948041791996, -3.809809485536144]}
{"elephant_id": "E002", "timestamp": "2023-08-16T18:16:43", "location": [40.87673756252969, -3.824120598664088]}
{"elephant_id": "E002", "timestamp": "2023-08-16T19:16:43", "location": [40.97671516923506, -3.573276024715448]}
{"elephant_id": "E002", "timestamp": "2023-08-16T20:16:43", "location": [40.87375783448903, -3.790489358685089]}
{"elephant_id": "E002", "timestamp": "2023-08-16T21:16:43", "location": [40.80162629447062, -3.7269338451330807]}
{"elephant_id": "E002", "timestamp": "2023-08-16T22:16:43", "location": [40.60971081731072, -3.8897306528380904]}
{"elephant_id": "E002", "timestamp": "2023-08-16T23:16:43", "location": [40.51451240997336, -3.782082011976682]}
{"elephant_id": "E002", "timestamp": "2023-08-17T00:16:43", "location": [40.83957094251417, -3.831935228150809]}
{"elephant_id": "E002", "timestamp": "2023-08-17T01:16:43", "location": [40.582522365601754, -3.7978416654311813]}
{"elephant_id": "E002", "timestamp": "2023-08-17T02:16:43", "location": [40.56381389864058, -3.766304925383845]}
{"elephant_id": "E002", "timestamp": "2023-08-17T03:16:43", "location": [40.51348322595257, -3.6888715195129675]}
{"elephant_id": "E002", "timestamp": "2023-08-17T04:16:43", "location": [40.78219599151239, -3.802989871830148]}
{"elephant_id": "E002", "timestamp": "2023-08-17T05:16:43", "location": [40.82137482400467, -3.986448976829844]}
{"elephant_id": "E002", "timestamp": "2023-08-17T06:16:43", "location": [40.73084922202575, -3.932150256384718]}
{"elephant_id": "E002", "timestamp": "2023-08-17T07:16:43", "location": [40.68955193209407, -3.9748576832556863]}
{"elephant_id": "E002", "timestamp": "2023-08-17T08:16:43", "location": [40.66342290244065, -3.8941698578942594]}
{"elephant_id": "E002", "timestamp": "2023-08-17T09:16:43", "location": [40.68956310778207, -3.6193851460529864]}
{"elephant_id": "E002", "timestamp": "2023-08-17T10:16:43", "location": [40.915962142577634, -3.6239950882226077]}
{"elephant_id": "E002", "timestamp": "2023-08-17T11:16:43", "location": [40.54095311638082, -3.87386423410881]}
{"elephant_id": "E002", "timestamp": "2023-08-17T12:16:43", "location": [40.76970952396127, -3.9903083564749946]}
{"elephant_id": "E002", "timestamp": "2023-08-17T13:16:43", "location": [40.67498017186009, -3.5000460857453954]}
{"elephant_id": "E002", "timestamp": "2023-08-17T14:16:43", "location": [40.890616524805445, -3.6749279533750627]}
{"elephant_id": "E002", "timestamp": "2023-08-17T15:16:43", "location": [40.877116602029766, -3.674122672378055]}
{"elephant_id": "E002", "timestamp": "2023-08-17T16:16:43", "location": [40.59968034118127, -3.5251941336420054]}
{"elephant_id": "E002", "timestamp": "2023-08-17T17:16:43", "location": [40.57619117289239, -3.989809991339834]}
{"elephant_id": "E002", "timestamp": "2023-08-17T18:16:43", "location": [40.834729422309955, -3.936889512562897]}
{"elephant_id": "E002", "timestamp": "2023-08-17T19:16:43", "location": [40.608982270453254, -3.7180152090349905]}
{"elephant_id": "E002", "timestamp": "2023-08-17T20:16:43", "location": [40.88344904917812, -3.6502675143769245]}
{"elephant_id": "E002", "timestamp": "2023-08-17T21:16:43", "location": [40.80362374694547, -3.916105428316099]}
{"elephant_id": "E002", "timestamp": "2023-08-17T22:16:43", "location": [40.55726643568945, -3.626037174022357]}
{"elephant_id": "E002", "timestamp": "2023-08-17T23:16:43", "location": [40.982360386517044, -3.5903494128444575]}
{"elephant_id": "E002", "timestamp": "2023-08-18T00:16:43", "location": [40.51283921274873, -3.945950625171197]}
{"elephant_id": "E002", "timestamp": "2023-08-18T01:16:43", "location": [40.8386736434252, -3.8440213778026524]}
{"elephant_id": "E002", "timestamp": "2023-08-18T02:16:43", "location": [40.698327220758316, -3.520913580897052]}
{"elephant_id": "E002", "timestamp": "2023-08-18T03:16:43", "location": [40.53799823892153, -3.6424926474752657]}
{"elephant_id": "E002", "timestamp": "2023-08-18T04:16:43", "location": [40.81362119780052, -3.6546927920335097]}
{"elephant_id": "E002", "timestamp": "2023-08-18T05:16:43", "location": [40.88624044247561, -3.9490493472770116]}
{"elephant_id": "E002", "timestamp": "2023-08-18T06:16:43", "location": [40.800205807408425, -3.5748533804556017]}
{"elephant_id": "E002", "timestamp": "2023-08-18T07:16:43", "location": [40.99192217575734, -3.9394724674663424]}
{"elephant_id": "E002", "timestamp": "2023-08-18T08:16:43", "location": [40.673601882654225, -3.60868232681949]}
{"elephant_id": "E002", "timestamp": "2023-08-18T09:16:43", "location": [40.68528543810903, -3.785810993382628]}
{"elephant_id": "E002", "timestamp": "2023-08-18T10:16:43", "location": [40.67061558743064, -3.7470196051614613]}
{"elephant_id": "E002", "timestamp": "2023-08-18T11:16:43", "location": [40.91116545904503, -3.5752121865002113]}
{"elephant_id": "E002", "timestamp": "2023-08-18T12:16:43", "location": [40.98039378360729, -3.9472305646780006]}
{"elephant_id": "E002", "timestamp": "2023-08-18T13:16:43", "location": [40.91435365550123, -3.682207446949277]}
{"elephant_id": "E002", "timestamp": "2023-08-18T14:16:43", "location": [40.717743572503835, -3.6463456781469614]}
{"elephant_id": "E002", "timestamp": "2023-08-18T15:16:43", "location": [40.98273686561904, -3.633102347993304]}
{"elephant_id": "E002", "timestamp": "2023-08-18T16:16:43", "location": [40.904099609403374, -3.8649588018062997]}
{"elephant_id": "E002", "timestamp": "2023-08-18T17:16:43", "location": [40.7417487519416, -3.7309135467758723]}
{"elephant_id": "E002", "timestamp": "2023-08-18T18:16:43", "location": [40.86551310715256, -3.7822127534980527]}
{"elephant_id": "E002", "timestamp": "2023-08-18T19:16:43", "location": [40.925856580009665, -3.865802230975387]}
{"elephant_id": "E002", "timestamp": "2023-08-18T20:16:43", "location": [40.54333144902784, -3.5846344905546985]}
{"elephant_id": "E002", "timestamp": "2023-08-18T21:16:43", "location": [40.62193171959548, -3.559184407998614]}
{"elephant_id": "E002", "timestamp": "2023-08-18T22:16:43", "location": [40.80516585211526, -3.7676457666983842]}
{"elephant_id": "E002", "timestamp": "2023-08-18T23:16:43", "location": [40.514349998885045, -3.810505347935868]}
{"elephant_id": "E002", "timestamp": "2023-08-19T00:16:43", "location": [40.59091992857885, -3.5745235818437706]}
{"elephant_id": "E002", "timestamp": "2023-08-19T01:16:43", "location": [40.89891617841405, -3.8939400749101303]}
{"elephant_id": "E002", "timestamp": "2023-08-19T02:16:43", "location": [40.94015998987911, -3.8298305784178583]}
{"elephant_id": "E002", "timestamp": "2023-08-19T03:16:43", "location": [40.638134287878096, -3.649408124833899]}
{"elephant_id": "E002", "timestamp": "2023-08-19T04:16:43", "location": [40.97403128888852, -3.9949244427806616]}
{"elephant_id": "E002", "timestamp": "2023-08-19T05:16:43", "location": [40.860037332052094, -3.9571935190209895]}
{"elephant_id": "E002", "timestamp": "2023-08-19T06:16:43", "location": [40.87908232674123, -3.755711076575606]}
{"elephant_id": "E002", "timestamp": "2023-08-19T07:16:43", "location": [40.82295144987047, -3.6546953302767387]}
{"elephant_id": "E002", "timestamp": "2023-08-19T08:16:43", "location": [40.896466434066156, -3.754589332460707]}
{"elephant_id": "E002", "timestamp": "2023-08-19T09:16:43", "location": [40.61079820023627, -3.953473324722664]}
{"elephant_id": "E002", "timestamp": "2023-08-19T10:16:43", "location": [40.65310301506504, -3.654106422352399]}
{"elephant_id": "E002", "timestamp": "2023-08-19T11:16:43", "location": [40.73663024437976, -3.7092222073338164]}
{"elephant_id": "E002", "timestamp": "2023-08-19T12:16:43", "location": [40.71275190635261, -3.734539034427116]}
{"elephant_id": "E002", "timestamp": "2023-08-19T13:16:43", "location": [40.665395648597965, -3.6270322816431952]}
{"elephant_id": "E002", "timestamp": "2023-08-19T14:16:43", "location": [40.6354582134881, -3.6485725289071156]}
{"elephant_id": "E002", "timestamp": "2023-08-19T15:16:43", "location": [40.560327942376155, -3.8742981618995294]}
{"elephant_id": "E002", "timestamp": "2023-08-19T16:16:43", "location": [40.55977737062753, -3.9037078532742413]}
{"elephant_id": "E002", "timestamp": "2023-08-19T17:16:43", "location": [40.88109480474205, -3.732068017308125]}
{"elephant_id": "E002", "timestamp": "2023-08-19T18:16:43", "location": [40.608192319939306, -3.907425078781169]}
{"elephant_id": "E002", "timestamp": "2023-08-19T19:16:43", "location": [40.86229250054652, -3.7579007063936456]}
{"elephant_id": "E002", "timestamp": "2023-08-19T20:16:43", "location": [40.7623184345543, -3.5116964885584716]}
{"elephant_id": "E002", "timestamp": "2023-08-19T21:16:43", "location": [40.550263054045395, -3.8585006483625226]}
{"elephant_id": "E002", "timestamp": "2023-08-19T22:16:43", "location": [40.61374158174128, -3.9029412109544634]}
{"elephant_id": "E002", "timestamp": "2023-08-19T23:16:43", "location": [40.507074183628035, -3.9102792281572984]}
{"elephant_id": "E002", "timestamp": "2023-08-20T00:16:43", "location": [40.63715566339163, -3.7329324553661682]}
{"elephant_id": "E002", "timestamp": "2023-08-20T01:16:43", "location": [40.776679483399306, -3.512852534448631]}
{"elephant_id": "E002", "timestamp": "2023-08-20T02:16:43", "location": [40.5631397464792, -3.6512913035449026]}
{"elephant_id": "E002", "timestamp": "2023-08-20T03:16:43", "location": [40.745439347261886, -3.565769401368528]}
{"elephant_id": "E002", "timestamp": "2023-08-20T04:16:43", "location": [40.78703210981317, -3.5636401325007325]}
{"elephant_id": "E002", "timestamp": "2023-08-20T05:16:43", "location": [40.720234399068005, -3.765301527534745]}
{"elephant_id": "E002", "timestamp": "2023-08-20T06:16:43", "location": [40.525688358591786, -3.9078181648049592]}
{"elephant_id": "E002", "timestamp": "2023-08-20T07:16:43", "location": [40.73886459363285, -3.5294682016159484]}
{"elephant_id": "E002", "timestamp": "2023-08-20T08:16:43", "location": [40.70035372112597, -3.588942177350285]}
{"elephant_id": "E002", "timestamp": "2023-08-20T09:16:43", "location": [40.814722853476, -3.96295891487218]}
{"elephant_id": "E002", "timestamp": "2023-08-20T10:16:43", "location": [40.57459879223683, -3.9731954628537336]}
{"elephant_id": "E002", "timestamp": "2023-08-20T11:16:43", "location": [40.65191775592111, -3.718580201457718]}
{"elephant_id": "E002", "timestamp": "2023-08-20T12:16:43", "location": [40.55922578110573, -3.5030409386448897]}
{"elephant_id": "E002", "timestamp": "2023-08-20T13:16:43", "location": [40.80315882562148, -3.6177782773369027]}
{"elephant_id": "E002", "timestamp": "2023-08-20T14:16:43", "location": [40.61284356853252, -3.6046295850782903]}
{"elephant_id": "E002", "timestamp": "2023-08-20T15:16:43", "location": [40.72525723244438, -3.738713732434891]}
{"elephant_id": "E002", "timestamp": "2023-08-20T16:16:43", "location": [40.93008333291309, -3.7786394979903357]}
{"elephant_id": "E003", "timestamp": "2023-08-13T17:16:43", "location": [40.65269012215968, -3.504984369766601]}
{"elephant_id": "E003", "timestamp": "2023-08-13T18:16:43", "location": [40.80481545612257, -3.689486339463926]}
{"elephant_id": "E003", "timestamp": "2023-08-13T19:16:43", "location": [40.97379510016269, -3.6299553472577273]}
{"elephant_id": "E003", "timestamp": "2023-08-13T20:16:43", "location": [40.6055125976527, -3.8961060470882245]}
{"elephant_id": "E003", "timestamp": "2023-08-13T21:16:43", "location": [40.578528546690436, -3.6697859314039816]}
{"elephant_id": "E003", "timestamp": "2023-08-13T22:16:43", "location": [40.53753243445058, -3.913093225836783]}
{"elephant_id": "E003", "timestamp": "2023-08-13T23:16:43", "location": [40.72525185230885, -3.998662138698557]}
{"elephant_id": "E003", "timestamp": "2023-08-14T00:16:43", "location": [40.645629644515516, -3.703094402440218]}
{"elephant_id": "E003", "timestamp": "2023-08-14T01:16:43", "location": [40.85347791493952, -3.884261882721987]}
{"elephant_id": "E003", "timestamp": "2023-08-14T02:16:43", "location": [40.727015663203524, -3.6485062209531414]}
{"elephant_id": "E003", "timestamp": "2023-08-14T03:16:43", "location": [40.961955522241276, -3.6563075399643785]}
{"elephant_id": "E003", "timestamp": "2023-08-14T04:16:43", "location": [40.812529003582114, -3.6060859866766344]}
{"elephant_id": "E003", "timestamp": "2023-08-14T05:16:43", "location": [40.966834229222755, -3.669408478573316]}
{"elephant_id": "E003", "timestamp": "2023-08-14T06:16:43", "location": [40.77228118935529, -3.7874305169478943]}
{"elephant_id": "E003", "timestamp": "2023-08-14T07:16:43", "location": [40.954205722606304, -3.6761826382987595]}
